X=1/((1-0.9*z^-1)^2*(1-0.9*z^-1))

